Survival function data from https://www.ssa.gov/oact/NOTES/as120/images/LD_fig5.html
Graph of this data is at https://www.ssa.gov/oact/NOTES/as120/LifeTables_Body.html (figure 5 at bottom)
Age,1900,1950,2000,2050,2100
0.000,100.000,100.000,100.000,100.000,100.000
1.000,86.685,97.076,99.307,99.733,99.885
2.000,83.464,96.858,99.258,99.712,99.874
3.000,81.903,96.733,99.224,99.698,99.866
4.000,80.819,96.629,99.200,99.686,99.860
5.000,79.966,96.552,99.180,99.678,99.856
6.000,79.344,96.483,99.162,99.670,99.851
7.000,78.900,96.420,99.145,99.662,99.847
8.000,78.582,96.362,99.129,99.655,99.843
9.000,78.342,96.308,99.114,99.648,99.839
10.000,78.138,96.258,99.101,99.643,99.837
11.000,77.938,96.210,99.089,99.638,99.835
12.000,77.723,96.162,99.077,99.634,99.834
13.000,77.487,96.110,99.060,99.627,99.830
14.000,77.236,96.050,99.036,99.614,99.823
15.000,76.973,95.978,99.001,99.593,99.810
16.000,76.689,95.895,98.953,99.564,99.790
17.000,76.372,95.799,98.895,99.526,99.765
18.000,76.019,95.692,98.826,99.482,99.735
19.000,75.628,95.576,98.751,99.432,99.701
20.000,75.197,95.452,98.670,99.380,99.665
21.000,74.725,95.322,98.584,99.324,99.627
22.000,74.212,95.184,98.493,99.265,99.588
23.000,73.671,95.040,98.400,99.205,99.547
24.000,73.119,94.894,98.306,99.145,99.506
25.000,72.568,94.748,98.214,99.086,99.466
26.000,72.021,94.601,98.123,99.029,99.428
27.000,71.476,94.453,98.034,98.974,99.390
28.000,70.930,94.303,97.946,98.919,99.353
29.000,70.375,94.148,97.856,98.863,99.314
30.000,69.807,93.988,97.763,98.804,99.274
31.000,69.225,93.820,97.665,98.741,99.232
32.000,68.632,93.644,97.564,98.676,99.187
33.000,68.030,93.458,97.457,98.605,99.139
34.000,67.420,93.261,97.343,98.529,99.087
35.000,66.805,93.051,97.221,98.447,99.031
36.000,66.184,92.827,97.088,98.356,98.970
37.000,65.556,92.585,96.946,98.258,98.903
38.000,64.921,92.325,96.791,98.151,98.830
39.000,64.281,92.041,96.624,98.035,98.751
40.000,63.635,91.733,96.443,97.909,98.665
41.000,62.982,91.396,96.248,97.773,98.572
42.000,62.321,91.029,96.036,97.625,98.471
43.000,61.648,90.629,95.807,97.467,98.363
44.000,60.962,90.194,95.559,97.297,98.247
45.000,60.259,89.723,95.292,97.116,98.123
46.000,59.537,89.213,95.003,96.923,97.991
47.000,58.794,88.660,94.690,96.716,97.849
48.000,58.026,88.061,94.355,96.497,97.698
49.000,57.232,87.412,93.997,96.266,97.539
50.000,56.409,86.711,93.618,96.024,97.372
51.000,55.553,85.953,93.215,95.769,97.195
52.000,54.663,85.135,92.784,95.498,97.006
53.000,53.735,84.255,92.319,95.207,96.803
54.000,52.768,83.313,91.815,94.891,96.582
55.000,51.757,82.306,91.266,94.547,96.339
56.000,50.701,81.232,90.666,94.169,96.070
57.000,49.596,80.086,90.012,93.754,95.774
58.000,48.446,78.864,89.301,93.299,95.449
59.000,47.254,77.559,88.530,92.803,95.094
60.000,46.021,76.168,87.696,92.263,94.708
61.000,44.743,74.683,86.793,91.674,94.289
62.000,43.417,73.103,85.814,91.031,93.829
63.000,42.040,71.438,84.755,90.323,93.320
64.000,40.613,69.699,83.612,89.542,92.750
65.000,39.132,67.893,82.379,88.680,92.108
66.000,37.598,66.018,81.049,87.727,91.390
67.000,36.010,64.063,79.615,86.681,90.590
68.000,34.365,62.013,78.075,85.541,89.711
69.000,32.660,59.855,76.425,84.307,88.754
70.000,30.896,57.577,74.662,82.979,87.720
71.000,29.075,55.180,72.776,81.546,86.600
72.000,27.207,52.670,70.761,80.000,85.388
73.000,25.316,50.053,68.622,78.345,84.084
74.000,23.428,47.341,66.367,76.585,82.691
75.000,21.558,44.546,63.999,74.721,81.207
76.000,19.721,41.679,61.509,72.732,79.611
77.000,17.917,38.756,58.889,70.602,77.888
78.000,16.140,35.806,56.141,68.335,76.043
79.000,14.383,32.862,53.269,65.940,74.088
80.000,12.660,29.949,50.279,63.413,72.020
81.000,10.990,27.088,47.175,60.747,69.831
82.000,9.406,24.295,43.964,57.919,67.485
83.000,7.940,21.583,40.662,54.895,64.926
84.000,6.619,18.971,37.290,51.644,62.092
85.000,5.451,16.478,33.875,48.161,58.953
86.000,4.432,14.130,30.451,44.475,55.520
87.000,3.552,11.951,27.056,40.635,51.836
88.000,2.799,9.961,23.732,36.706,47.960
89.000,2.164,8.174,20.523,32.756,43.959
90.000,1.637,6.598,17.474,28.853,39.895
91.000,1.209,5.232,14.626,25.059,35.827
92.000,0.870,4.070,12.016,21.432,31.809
93.000,0.610,3.103,9.674,18.025,27.890
94.000,0.416,2.313,7.619,14.884,24.119
95.000,0.276,1.684,5.859,12.044,20.542
96.000,0.179,1.196,4.396,9.547,17.226
97.000,0.113,0.827,3.216,7.412,14.223
98.000,0.069,0.556,2.294,5.638,11.567
99.000,0.041,0.363,1.596,4.204,9.272
100.000,0.023,0.230,1.083,3.077,7.332
101.000,0.013,0.141,0.716,2.207,5.715
102.000,0.007,0.084,0.459,1.548,4.386
103.000,0.003,0.048,0.286,1.061,3.310
104.000,0.002,0.027,0.171,0.708,2.453
105.000,0.001,0.014,0.099,0.460,1.783
106.000,0.000,0.007,0.055,0.289,1.269
107.000,0.000,0.003,0.029,0.176,0.882
108.000,0.000,0.002,0.014,0.103,0.599
109.000,0.000,0.001,0.007,0.058,0.395
110.000,0.000,0.000,0.003,0.031,0.253
111.000,0.000,0.000,0.001,0.016,0.157
112.000,0.000,0.000,0.000,0.008,0.094
113.000,0.000,0.000,0.000,0.003,0.054
114.000,0.000,0.000,0.000,0.001,0.030
115.000,0.000,0.000,0.000,0.001,0.016
116.000,0.000,0.000,0.000,0.000,0.008
117.000,0.000,0.000,0.000,0.000,0.004
118.000,0.000,0.000,0.000,0.000,0.002
119.000,0.000,0.000,0.000,0.000,0.001
